10 2 5 4 7 1 3 8 6
7 8 3 6 5 2 4 10 9
11 9 10 1 7 4 5 8 3 2
4 6 1 7 9
10 3 1 7 8 10 6 2 5
5 6 5 2 7 8 9 3 4 1 10
2 9 1 3
20 4 10 1 8 6
16 4 2 5 10 1 9 8 7 3 6
19 9 3 7 6 10 2 8
9 2 8 7 3 1 6
11 6 10 2 4 7 1 3 8 9
1 4 9 1 10 5 7 3
1 2 4 10 6 8 7 1 5 9 3
15 8 4 3 1 7 6
8 1 5 7 8 6
12 10 2 6 4 5 1 9
16 7 5 1 6
17 1 7 4 9 2
10 1 3 5 4 7 9
1 10 1 9 2 7 3 5 6
11 1 7 8
4 1 6 2 9 3 8
6 7 5 9 8 3 1
6 3 9 6 1 2 8 5
20 5 4 2 6
8 8 6 3 1
18 3 5 6 7 1 4 9
19 8 3 7
17 9 8 2 1 6 10 5 4 3
5 6 10 1 4 3 9 2 8 7
17 9 10 1 3 8 7 4 6
2 6 2 1 4 8
11 5 10 6 3 4
15 6 3 8 4 5 2
14 4 3 7 10 1
15 6 8 7 3 1 10
19 10 6 9 5 3
20 1 7 2 10 5 6 4 3 9 8
6 9 4 10 6
6 3 1 6 5 2 8 7
4 10 2 9 4 3 1 8
12 3 6 8 7 1
16 8 3 10 5 4 6 9
7 7 4 9 6 8 1 3 10
1 3 5 4 9 1 6 8 10 2 7
6 8 4 6 10 2 1 7 9
11 9 4 10 1 7
14 10 3 7 9 5 6
4 7 1 6 3
9 9 1 5 3 2 10
11 3 8 2 1 7 10 9 4
18 5 1 3 7 8 6 9 2 10 4
1 6 4 8 1 10 7 3
9 5 6 7 3 10 8 9
12 2 10 6 1
2 4 5 9 8 7 1
8 2 9 6 4 1 5 10
19 3 1 2 10 4 7 6 9 5
12 7 10 4
13 3 9 10 2 6 1 4 7 8 5
9 4 1 7 2 9
4 9 8 2 1 3 6 5 7 4 10
14 3 7 1 10 9 2 4 6
3 2 6 4 10 1 5 9 8
15 9 5 2 10 7 1 8
13 10 6 9 3 2 8 5 4 1 7
